---
version:
  config: 1650315243
  puppet: 5.5.10
resources:
  changed: 0
  corrective_change: 0
  failed: 1
  failed_to_restart: 0
  out_of_sync: 1
  restarted: 0
  scheduled: 0
  skipped: 0
  total: 8
time:
  catalog_application: 4.975468099999489
  config_retrieval: 0.7171657
  filebucket: 4.86e-05
  package: 4.6065082
  schedule: 0.00035390000000000004
  total: 4.9758417
  transaction_evaluation: 4.960977499999899
  last_run: 1650315249
changes:
  total: 0
events:
  failure: 1
  success: 0
  total: 1
